-5.124350856079785688e-01 2.521059755957293924e-01
3.973908210838320021e-01 5.416672554890280544e-01
-1.335233936016095302e-01 2.560789917375044800e-01
7.393891805484247293e-01 6.117570317529875679e-01
5.586343524228313262e-01 4.346161726920622081e-01
-1.666337420121279944e-01 2.423981923952870376e-01
4.569424117847802891e-01 4.151716968681788966e-01
1.751643801657596089e-01 3.166685475585428455e-01
1.719675186228273867e-01 3.747164514741473385e-01
-4.314272377160252581e-01 3.961055739317657087e-01
1.166888978795350106e-02 3.431298055630587762e-01
-9.127183114875338232e-02 3.376294798608537873e-01
2.795376318338975707e-01 4.804505962350979487e-01
1.778745979241643238e-01 2.241596568869063111e-01
1.484442110106686252e-01 3.338899300723990882e-01
2.932371139762743328e-01 3.574119177536211334e-01
8.935436712075669474e-01 5.606041112195548903e-01
3.022223463010367470e-02 2.364796028382456505e-01
2.701340915411821197e-01 5.746860079549699352e-01
5.740583943496589958e-01 1.121712458893605824e+00
8.726474280919332971e-01 7.292662158398800498e-01
-2.730124502350361748e-01 3.578222924935114402e-01
-6.005644681502381871e-02 1.154205672128294502e+00
7.593600046154720395e-01 3.657430776106836978e-01
-3.778346680947865521e-01 3.812840936369816247e-01
4.395968337183325247e-01 5.858658426647783690e-01
7.849918672541854603e-01 6.196669283988381904e-01
