1.163398692810457602e+00 2.811831865203716363e-02
1.717948717948717841e+00 1.380767853612533125e-01
2.757475083056478704e-01 7.377696687142471822e-03
1.780000000000000249e+00 2.813418090906015800e-01
1.378571428571428559e+00 5.345729483137769134e-02
6.909090909090909172e-01 1.745449067108858499e-01
6.752136752136751463e-01 1.854348051941100833e-02
8.376811594202897560e-01 1.206616530392610603e-01
1.383561643835616417e+00 1.061539435335715903e-01
1.225190839694656475e+00 2.815244328156818812e-02
1.779220779220779036e+00 2.044721844038108194e-01
1.381159420289855166e+00 5.143902623894180959e-02
1.336956521739130599e+00 3.485254400802233199e-02
1.451219512195122130e+00 6.329065960298753402e-02
1.571428571428571397e+00 9.536816134324645200e-02
1.380952380952380931e+00 6.959830675433482938e-02
6.585365853658535773e-01 2.046749907223909537e-01
8.957528957528957392e+00 2.155306709475779837e-03
8.099415204678362956e-01 4.357965467631070428e-02
5.954198473282442672e-01 2.795512315880311349e-01
4.232365145228215164e-01 1.380939702314974184e-02
1.214285714285714413e+00 4.544895500607425143e-02
1.849206349206349520e+00 1.667543900975095375e-02
1.597014925373134053e+00 9.364098274153752344e-02
2.440677966101694740e-01 4.392748738956459703e-02
1.333333333333333481e+00 6.979405974783750577e-02
1.540000000000000036e+00 2.777800466175838617e-02
