6.620000000000000284e+01 3.800000000000000266e+00
2.119999999999999929e+01 3.549999999999999822e+00
3.840000000000000568e+01 3.075000000000000178e+00
1.390000000000000036e+01 3.075000000000000178e+00
3.329999999999999716e+01 3.575000000000000178e+00
1.860000000000000142e+01 2.700000000000000178e+00
5.879999999999999716e+01 5.700000000000000178e+00
6.339999999999999858e+01 6.450000000000000178e+00
1.739999999999999858e+01 1.925000000000000266e+00
5.829999999999999716e+01 4.800000000000000711e+00
2.139999999999999858e+01 4.174999999999999822e+00
1.643000000000000114e+02 2.334999999999999787e+01
4.300000000000000000e+01 3.849999999999999645e+00
2.010000000000000142e+01 2.024999999999999911e+00
1.980000000000000071e+01 2.599999999999999645e+00
2.000000000000000000e+01 2.024999999999999911e+00
2.039999999999999858e+01 3.424999999999999822e+00
2.578999999999999915e+01 5.675000000000000044e-01
6.190000000000000568e+01 5.050000000000000711e+00
2.089999999999999858e+01 4.474999999999999645e+00
3.429999999999999716e+01 4.975000000000000533e+00
5.579999999999999716e+01 3.849999999999999645e+00
3.589999999999999858e+01 4.299999999999999822e+00
1.739999999999999858e+01 2.349999999999999645e+00
7.339999999999999858e+00 1.409999999999999920e+00
3.080000000000000071e+01 2.924999999999999822e+00
5.079999999999999716e+01 5.599999999999999645e+00
